* Measurement data saved by REW V5,01
* Source: Frequency Response Averaged data
* Format: Averaged data produced from ls-1, ls-2
* Dated: 4.7.2014 4:04:27
* REW Settings:
*  C-weighting compensation: Off
*  Target level: 75,0 dB
* Note: Averaged data produced from ls-1, ls-2
* Measurement: Average 1
* Frequency Step: 1/24 octave
* Start Frequency: 1,9 Hz
*
* Freq(Hz) SPL(dB) Phase(degrees)
1,873 85,638 0
1,928 85,984 0
1,984 86,339 0
2,042 86,705 0
2,102 87,082 0
2,164 87,469 0
2,227 87,850 0
2,293 88,210 0
2,360 88,568 0
2,429 88,920 0
2,500 89,264 0
2,573 89,597 0
2,649 89,912 0
2,726 90,211 0
2,806 90,499 0
2,888 90,786 0
2,973 91,079 0
3,060 91,374 0
3,150 91,665 0
3,242 91,946 0
3,337 92,214 0
3,435 92,472 0
3,536 92,714 0
3,639 92,927 0
3,746 93,099 0
3,856 93,231 0
3,969 93,333 0
4,085 93,412 0
4,204 93,454 0
4,328 93,477 0
4,454 93,505 0
4,585 93,537 0
4,719 93,556 0
4,858 93,556 0
5,000 93,537 0
5,147 93,474 0
5,297 93,343 0
5,453 93,175 0
5,612 92,986 0
5,777 92,784 0
5,946 92,705 0
6,120 92,755 0
6,300 92,851 0
6,484 93,009 0
6,674 93,033 0
6,870 92,896 0
7,071 92,501 0
7,278 91,828 0
7,492 90,845 0
7,711 89,607 0
7,937 88,113 0
8,170 86,945 0
8,409 86,301 0
8,655 86,438 0
8,909 86,843 0
9,170 87,279 0
9,439 87,584 0
9,715 87,832 0
10,000 88,098 0
10,293 88,427 0
10,595 88,760 0
10,905 88,892 0
11,225 88,693 0
11,554 88,136 0
11,892 87,338 0
12,241 86,699 0
12,599 86,837 0
12,968 87,712 0
13,348 88,564 0
13,740 89,220 0
14,142 89,723 0
14,557 90,242 0
14,983 90,760 0
15,422 91,175 0
15,874 91,535 0
16,339 91,904 0
16,818 92,286 0
17,311 92,795 0
17,818 93,442 0
18,340 94,118 0
18,877 94,821 0
19,431 95,534 0
20,000 96,196 0
20,586 96,757 0
21,189 97,182 0
21,810 97,478 0
22,449 97,689 0
23,107 97,884 0
23,784 98,188 0
24,481 98,794 0
25,198 100,107 0
25,937 102,171 0
26,697 104,452 0
27,479 106,789 0
28,284 109,234 0
29,113 111,752 0
29,966 114,208 0
30,844 116,355 0
31,748 118,159 0
32,678 119,895 0
33,636 121,788 0
34,621 123,908 0
35,636 126,047 0
36,680 128,149 0
37,755 130,056 0
38,861 131,344 0
40,000 132,117 0
41,172 132,698 0
42,379 133,551 0
43,620 135,007 0
44,898 136,337 0
46,214 136,737 0
47,568 135,951 0
48,962 134,450 0
50,397 132,708 0
51,874 131,017 0
53,394 129,489 0
54,958 128,230 0
56,569 127,365 0
58,226 126,934 0
59,932 126,543 0
61,688 125,945 0
63,496 125,213 0
65,357 124,486 0
67,272 124,066 0
69,243 124,107 0
71,272 124,477 0
73,360 125,008 0
75,510 125,317 0
77,723 125,405 0
80,000 125,748 0
82,344 126,388 0
84,757 126,400 0
87,241 125,677 0
89,797 124,553 0
92,428 123,282 0
95,137 122,478 0
97,924 122,522 0
100,794 123,503 0
103,747 125,036 0
106,787 126,065 0
109,916 126,183 0
113,137 125,804 0
116,452 125,922 0
119,865 127,358 0
123,377 128,811 0
126,992 129,768 0
130,713 130,211 0
134,543 130,105 0
138,486 130,067 0
142,544 129,655 0
146,721 128,660 0
151,020 127,240 0
155,445 126,521 0
160,000 126,148 0
164,688 124,852 0
169,514 123,178 0
174,481 121,611 0
179,594 120,431 0
184,856 119,783 0
190,273 118,141 0
195,849 116,068 0
201,587 113,321 0
207,494 111,710 0
213,574 110,590 0
219,833 109,805 0
226,274 109,075 0
232,905 109,387 0
239,729 111,538 0
246,754 114,466 0
253,984 116,038 0
261,426 116,846 0
269,087 117,848 0
276,972 119,323 0
285,088 119,999 0
293,441 119,666 0
302,040 119,478 0
310,890 118,818 0
320,000 117,787 0
329,377 117,133 0
339,028 116,933 0
348,962 116,415 0
359,188 115,380 0
369,713 114,257 0
380,546 112,975 0
391,697 113,005 0
403,175 114,555 0
414,989 116,625 0
427,149 118,186 0
439,665 119,715 0
452,548 120,642 0
465,809 121,349 0
479,458 122,101 0
493,507 122,611 0
507,968 122,761 0
522,853 122,448 0
538,174 122,211 0
553,943 122,163 0
570,175 122,059 0
586,883 122,025 0
604,080 121,649 0
621,780 121,165 0
640,000 121,218 0
658,753 121,059 0
678,056 120,258 0
697,925 119,346 0
718,376 119,000 0
739,426 118,628 0
761,093 117,768 0
783,394 117,494 0
806,349 117,329 0
829,977 116,956 0
854,298 117,300 0
879,330 117,370 0
905,097 116,897 0
931,618 116,811 0
958,917 116,669 0
987,015 116,771 0
1015,937 116,545 0
1045,706 116,673 0
1076,347 117,156 0
1107,887 117,314 0
1140,350 116,624 0
1173,765 115,805 0
1208,159 115,126 0
1243,561 114,838 0
1280,000 114,622 0
1317,507 114,143 0
1356,113 113,984 0
1395,850 113,707 0
1436,751 113,365 0
1478,851 113,578 0
1522,185 113,838 0
1566,789 113,901 0
1612,699 113,794 0
1659,955 113,433 0
1708,595 113,505 0
1758,661 113,563 0
1810,193 113,583 0
1863,236 113,964 0
1917,833 114,358 0
1974,030 113,692 0
2031,873 112,998 0
2091,412 112,563 0
2152,695 112,104 0
2215,774 112,654 0
2280,701 112,875 0
2347,530 113,290 0
2416,318 113,563 0
2487,122 114,033 0
2560,000 114,352 0
2635,014 114,672 0
2712,226 114,483 0
2791,700 114,230 0
2873,503 114,167 0
2957,703 114,010 0
3044,370 114,091 0
3133,577 114,241 0
3225,398 114,184 0
3319,909 113,809 0
3417,190 113,502 0
3517,321 113,554 0
3620,387 113,684 0
3726,472 113,985 0
3835,666 114,332 0
3948,060 114,675 0
4063,747 114,525 0
4182,824 114,251 0
4305,390 114,247 0
4431,547 114,313 0
4561,401 114,431 0
4695,061 114,483 0
4832,636 114,527 0
4974,244 114,759 0
5120,000 115,225 0
5270,027 115,581 0
5424,451 115,759 0
5583,400 115,999 0
5747,006 116,227 0
5915,406 116,525 0
6088,740 116,844 0
6267,154 117,396 0
6450,796 118,089 0
6639,819 118,627 0
6834,380 118,904 0
7034,643 119,386 0
7240,773 120,201 0
7452,944 120,891 0
7671,332 121,329 0
7896,119 121,348 0
8127,493 121,124 0
8365,647 121,031 0
8610,779 121,015 0
8863,094 120,726 0
9122,803 119,993 0
9390,121 119,002 0
9665,273 117,883 0
9948,487 116,689 0
10240,000 115,272 0
10540,055 113,959 0
10848,902 113,181 0
11166,799 113,035 0
11494,011 113,430 0
11830,812 114,181 0
12177,481 115,048 0
12534,308 115,895 0
12901,592 116,791 0
13279,637 117,494 0
13668,760 118,015 0
14069,285 118,528 0
14481,547 118,607 0
14905,889 118,244 0
15342,664 117,688 0
15792,239 116,872 0
16254,987 116,022 0
16731,294 115,156 0
17221,559 114,389 0
17726,189 114,455 0
18245,606 114,829 0
18780,243 115,228 0
19330,546 115,892 0
19896,974 116,686 0
20480,000 117,066 0
21080,110 116,860 0
21697,804 116,032 0
22333,598 114,564 0
22988,023 112,834 0
23661,623 111,265 0
